50 50
1.00 1.00 1.00 1.00 1.00 1.00 1.00 1.00 1.00 0.98 0.88 0.80 0.73 0.67 0.64 0.63 0.63 0.63 0.63 0.63 0.64 0.67 0.73 0.80 0.88 0.98 1.00 1.00 1.00 1.00 0.91 0.79 0.67 0.56 0.45 0.35 0.28 0.25 0.25 0.25 0.25 0.25 0.28 0.35 0.45 0.56 0.67 0.79 0.91 1.00 
1.00 1.00 1.00 1.00 1.00 1.00 1.00 1.00 1.00 0.90 0.80 0.71 0.63 0.56 0.52 0.50 0.50 0.50 0.50 0.50 0.52 0.56 0.63 0.71 0.80 0.90 1.00 1.00 1.00 1.00 0.88 0.76 0.64 0.52 0.40 0.28 0.18 0.13 0.13 0.13 0.13 0.13 0.18 0.28 0.40 0.52 0.64 0.76 0.88 1.00 
1.00 1.00 1.00 1.00 1.00 1.00 1.00 1.00 0.95 0.84 0.73 0.63 0.53 0.45 0.40 0.38 0.38 0.38 0.38 0.38 0.40 0.45 0.53 0.63 0.73 0.84 0.95 1.00 1.00 1.00 0.88 0.75 0.63 0.50 0.38 0.25 0.13 0.00 0.00 0.00 0.00 0.00 0.13 0.25 0.38 0.50 0.63 0.75 0.88 1.00 
1.00 1.00 1.00 1.00 1.00 1.00 1.00 1.00 0.91 0.79 0.67 0.56 0.45 0.35 0.28 0.25 0.25 0.25 0.25 0.25 0.28 0.35 0.45 0.56 0.67 0.79 0.91 1.00 1.00 1.00 0.88 0.75 0.63 0.50 0.38 0.25 0.13 0.00 0.00 0.00 0.00 0.00 0.13 0.25 0.38 0.50 0.63 0.75 0.88 1.00 
1.00 1.00 1.00 1.00 1.00 1.00 1.00 1.00 0.88 0.76 0.64 0.52 0.40 0.28 0.18 0.13 0.13 0.13 0.13 0.13 0.18 0.28 0.40 0.52 0.64 0.76 0.88 1.00 1.00 1.00 0.88 0.75 0.63 0.50 0.38 0.25 0.13 0.00 0.00 0.00 0.00 0.00 0.13 0.25 0.38 0.50 0.63 0.75 0.88 1.00 
1.00 1.00 1.00 1.00 1.00 1.00 1.00 1.00 0.88 0.75 0.63 0.50 0.38 0.25 0.13 0.00 0.00 0.00 0.00 0.00 0.13 0.25 0.38 0.50 0.63 0.75 0.88 1.00 1.00 1.00 0.88 0.75 0.63 0.50 0.38 0.25 0.13 0.00 0.00 0.00 0.00 0.00 0.13 0.25 0.38 0.50 0.63 0.75 0.88 1.00 
1.00 1.00 1.00 1.00 1.00 1.00 1.00 1.00 0.88 0.75 0.63 0.50 0.38 0.25 0.13 0.00 0.00 0.00 0.00 0.00 0.13 0.25 0.38 0.50 0.63 0.75 0.88 1.00 1.00 1.00 0.88 0.75 0.63 0.50 0.38 0.25 0.13 0.00 0.00 0.00 0.00 0.00 0.13 0.25 0.38 0.50 0.63 0.75 0.88 0.98 
1.00 1.00 1.00 1.00 1.00 1.00 1.00 1.00 0.88 0.75 0.63 0.50 0.38 0.25 0.13 0.00 0.00 0.00 0.00 0.00 0.13 0.25 0.38 0.50 0.63 0.75 0.88 1.00 1.00 1.00 0.88 0.76 0.64 0.52 0.40 0.28 0.18 0.13 0.13 0.13 0.13 0.13 0.18 0.28 0.40 0.52 0.63 0.71 0.80 0.90 
1.00 1.00 1.00 1.00 1.00 1.00 1.00 1.00 0.88 0.75 0.63 0.50 0.38 0.25 0.13 0.00 0.00 0.00 0.00 0.00 0.13 0.25 0.38 0.50 0.63 0.75 0.88 1.00 1.00 1.00 0.91 0.79 0.67 0.56 0.45 0.35 0.28 0.25 0.25 0.25 0.25 0.25 0.28 0.35 0.40 0.45 0.53 0.63 0.73 0.84 
1.00 1.00 1.00 1.00 1.00 1.00 1.00 1.00 0.88 0.75 0.63 0.50 0.38 0.25 0.13 0.00 0.00 0.00 0.00 0.00 0.13 0.25 0.38 0.50 0.63 0.75 0.88 1.00 1.00 1.00 0.95 0.84 0.73 0.63 0.53 0.45 0.40 0.35 0.28 0.25 0.25 0.25 0.25 0.25 0.28 0.35 0.45 0.56 0.67 0.79 
1.00 1.00 1.00 1.00 1.00 1.00 1.00 1.00 0.88 0.76 0.64 0.52 0.40 0.28 0.18 0.13 0.13 0.13 0.13 0.13 0.18 0.28 0.40 0.52 0.64 0.76 0.88 1.00 1.00 1.00 1.00 0.90 0.80 0.71 0.63 0.52 0.40 0.28 0.18 0.13 0.13 0.13 0.13 0.13 0.18 0.28 0.40 0.52 0.64 0.76 
1.00 1.00 1.00 1.00 1.00 1.00 1.00 1.00 0.91 0.79 0.67 0.56 0.45 0.35 0.28 0.25 0.25 0.25 0.25 0.25 0.28 0.35 0.45 0.56 0.67 0.79 0.91 1.00 1.00 1.00 1.00 0.98 0.88 0.75 0.63 0.50 0.38 0.25 0.13 0.00 0.00 0.00 0.00 0.00 0.13 0.25 0.38 0.50 0.63 0.75 
1.00 1.00 1.00 1.00 1.00 1.00 1.00 1.00 0.95 0.84 0.73 0.63 0.53 0.45 0.40 0.38 0.38 0.38 0.38 0.38 0.40 0.45 0.53 0.63 0.73 0.84 0.95 1.00 1.00 1.00 1.00 1.00 0.88 0.75 0.63 0.50 0.38 0.25 0.13 0.00 0.00 0.00 0.00 0.00 0.13 0.25 0.38 0.50 0.63 0.75 
1.00 1.00 1.00 1.00 1.00 1.00 1.00 1.00 1.00 0.90 0.80 0.71 0.63 0.56 0.52 0.50 0.50 0.50 0.50 0.50 0.52 0.56 0.63 0.71 0.80 0.88 0.88 0.88 0.88 0.88 0.88 0.91 0.88 0.75 0.63 0.50 0.38 0.25 0.13 0.00 0.00 0.00 0.00 0.00 0.13 0.25 0.38 0.50 0.63 0.75 
0.88 0.88 0.88 0.88 0.91 0.95 1.00 1.00 1.00 0.98 0.88 0.80 0.73 0.67 0.64 0.63 0.63 0.63 0.63 0.63 0.64 0.67 0.73 0.79 0.76 0.75 0.75 0.75 0.75 0.75 0.76 0.79 0.84 0.75 0.63 0.50 0.38 0.25 0.13 0.00 0.00 0.00 0.00 0.00 0.13 0.25 0.38 0.50 0.63 0.75 
0.75 0.75 0.75 0.76 0.79 0.84 0.90 0.98 1.00 1.00 0.98 0.90 0.84 0.79 0.76 0.75 0.75 0.75 0.75 0.75 0.76 0.79 0.73 0.67 0.64 0.63 0.63 0.63 0.63 0.63 0.64 0.67 0.73 0.75 0.63 0.50 0.38 0.25 0.13 0.00 0.00 0.00 0.00 0.00 0.13 0.25 0.38 0.50 0.63 0.75 
0.63 0.63 0.63 0.64 0.67 0.73 0.80 0.88 0.98 0.98 0.90 0.84 0.79 0.76 0.75 0.75 0.75 0.75 0.75 0.76 0.79 0.71 0.63 0.56 0.52 0.50 0.50 0.50 0.50 0.50 0.52 0.56 0.63 0.71 0.63 0.50 0.38 0.25 0.13 0.00 0.00 0.00 0.00 0.00 0.13 0.25 0.38 0.50 0.63 0.75 
0.50 0.50 0.50 0.52 0.56 0.63 0.71 0.80 0.90 0.88 0.80 0.73 0.67 0.64 0.63 0.63 0.63 0.63 0.63 0.64 0.67 0.63 0.53 0.45 0.40 0.38 0.38 0.38 0.38 0.38 0.40 0.45 0.53 0.63 0.63 0.50 0.38 0.25 0.13 0.00 0.00 0.00 0.00 0.00 0.13 0.25 0.38 0.50 0.63 0.75 
0.38 0.38 0.38 0.40 0.45 0.53 0.63 0.73 0.84 0.80 0.71 0.63 0.56 0.52 0.50 0.50 0.50 0.50 0.50 0.52 0.56 0.56 0.45 0.35 0.28 0.25 0.25 0.25 0.25 0.25 0.28 0.35 0.45 0.56 0.63 0.50 0.38 0.25 0.13 0.00 0.00 0.00 0.00 0.00 0.13 0.25 0.38 0.50 0.63 0.75 
0.25 0.25 0.25 0.28 0.35 0.45 0.56 0.67 0.79 0.73 0.63 0.53 0.45 0.40 0.38 0.38 0.38 0.38 0.38 0.40 0.45 0.52 0.40 0.28 0.18 0.13 0.13 0.13 0.13 0.13 0.18 0.28 0.40 0.52 0.63 0.50 0.38 0.25 0.13 0.00 0.00 0.00 0.00 0.00 0.13 0.25 0.38 0.50 0.63 0.75 
0.13 0.13 0.13 0.18 0.28 0.40 0.52 0.64 0.76 0.67 0.56 0.45 0.35 0.28 0.25 0.25 0.25 0.25 0.25 0.28 0.35 0.45 0.38 0.25 0.13 0.00 0.00 0.00 0.00 0.00 0.13 0.25 0.38 0.50 0.63 0.52 0.40 0.28 0.18 0.13 0.13 0.13 0.13 0.13 0.18 0.28 0.40 0.52 0.64 0.76 
0.00 0.00 0.00 0.13 0.25 0.38 0.50 0.63 0.75 0.64 0.52 0.40 0.28 0.18 0.13 0.13 0.13 0.13 0.13 0.18 0.28 0.40 0.38 0.25 0.13 0.00 0.00 0.00 0.00 0.00 0.13 0.25 0.38 0.50 0.63 0.56 0.45 0.35 0.28 0.25 0.25 0.25 0.25 0.25 0.28 0.35 0.45 0.56 0.67 0.79 
0.00 0.00 0.00 0.13 0.25 0.38 0.50 0.63 0.75 0.63 0.50 0.38 0.25 0.13 0.00 0.00 0.00 0.00 0.00 0.13 0.25 0.38 0.38 0.25 0.13 0.00 0.00 0.00 0.00 0.00 0.13 0.25 0.38 0.50 0.63 0.63 0.53 0.45 0.40 0.38 0.38 0.38 0.38 0.38 0.40 0.45 0.53 0.63 0.73 0.84 
0.00 0.00 0.00 0.13 0.25 0.38 0.50 0.63 0.75 0.63 0.50 0.38 0.25 0.13 0.00 0.00 0.00 0.00 0.00 0.13 0.25 0.38 0.38 0.25 0.13 0.00 0.00 0.00 0.00 0.00 0.13 0.25 0.38 0.50 0.63 0.71 0.63 0.56 0.52 0.50 0.50 0.50 0.50 0.50 0.52 0.56 0.63 0.71 0.80 0.90 
0.00 0.00 0.00 0.13 0.25 0.38 0.50 0.63 0.75 0.63 0.50 0.38 0.25 0.13 0.00 0.00 0.00 0.00 0.00 0.13 0.25 0.38 0.38 0.25 0.13 0.00 0.00 0.00 0.00 0.00 0.13 0.25 0.38 0.50 0.63 0.75 0.73 0.67 0.64 0.63 0.63 0.63 0.63 0.63 0.64 0.67 0.73 0.80 0.88 0.98 
0.00 0.00 0.00 0.13 0.25 0.38 0.50 0.63 0.75 0.63 0.50 0.38 0.25 0.13 0.00 0.00 0.00 0.00 0.00 0.13 0.25 0.25 0.28 0.28 0.18 0.13 0.13 0.13 0.13 0.13 0.18 0.28 0.40 0.52 0.64 0.76 0.84 0.79 0.76 0.75 0.75 0.75 0.75 0.75 0.76 0.79 0.84 0.90 0.98 1.00 
0.13 0.13 0.13 0.18 0.28 0.40 0.52 0.64 0.75 0.63 0.50 0.38 0.25 0.13 0.00 0.00 0.00 0.00 0.00 0.13 0.13 0.13 0.18 0.28 0.28 0.25 0.25 0.25 0.25 0.25 0.28 0.35 0.45 0.56 0.67 0.79 0.91 0.91 0.88 0.88 0.88 0.88 0.88 0.88 0.88 0.91 0.95 1.00 1.00 1.00 
0.25 0.25 0.25 0.28 0.35 0.45 0.56 0.67 0.76 0.64 0.52 0.40 0.28 0.18 0.13 0.13 0.13 0.00 0.00 0.00 0.00 0.00 0.13 0.25 0.38 0.38 0.38 0.38 0.38 0.38 0.40 0.45 0.53 0.63 0.73 0.84 0.95 1.00 1.00 1.00 1.00 1.00 1.00 1.00 1.00 1.00 1.00 1.00 1.00 1.00 
0.38 0.38 0.38 0.40 0.45 0.53 0.63 0.64 0.67 0.67 0.56 0.45 0.35 0.28 0.25 0.25 0.13 0.00 0.00 0.00 0.00 0.00 0.13 0.25 0.38 0.50 0.50 0.50 0.50 0.50 0.52 0.56 0.63 0.71 0.80 0.88 0.88 0.88 0.88 0.88 0.91 0.95 1.00 1.00 1.00 1.00 1.00 1.00 1.00 1.00 
0.50 0.50 0.50 0.50 0.50 0.50 0.50 0.52 0.56 0.63 0.63 0.53 0.45 0.40 0.38 0.25 0.13 0.00 0.00 0.00 0.00 0.00 0.13 0.25 0.38 0.50 0.63 0.63 0.63 0.63 0.64 0.67 0.73 0.76 0.75 0.75 0.75 0.75 0.75 0.76 0.79 0.84 0.88 0.88 0.88 0.88 0.88 0.88 0.88 0.91 
0.45 0.40 0.38 0.38 0.38 0.38 0.38 0.40 0.45 0.53 0.63 0.63 0.56 0.50 0.38 0.25 0.13 0.00 0.00 0.00 0.00 0.00 0.13 0.25 0.38 0.50 0.63 0.75 0.75 0.75 0.76 0.73 0.67 0.64 0.63 0.63 0.63 0.63 0.63 0.64 0.67 0.73 0.76 0.75 0.75 0.75 0.75 0.75 0.76 0.79 
0.35 0.28 0.25 0.25 0.25 0.25 0.25 0.28 0.35 0.45 0.56 0.67 0.63 0.50 0.38 0.25 0.13 0.00 0.00 0.00 0.00 0.00 0.13 0.25 0.38 0.50 0.63 0.75 0.88 0.80 0.71 0.63 0.56 0.52 0.50 0.50 0.50 0.50 0.50 0.52 0.56 0.63 0.64 0.63 0.63 0.63 0.63 0.63 0.64 0.67 
0.28 0.18 0.13 0.13 0.13 0.13 0.13 0.18 0.28 0.40 0.52 0.64 0.64 0.52 0.40 0.28 0.18 0.13 0.13 0.13 0.13 0.13 0.18 0.28 0.40 0.52 0.64 0.75 0.76 0.73 0.63 0.53 0.45 0.40 0.38 0.38 0.38 0.38 0.38 0.40 0.45 0.53 0.52 0.50 0.50 0.50 0.50 0.50 0.52 0.56 
0.25 0.13 0.00 0.00 0.00 0.00 0.00 0.13 0.25 0.38 0.50 0.63 0.67 0.56 0.45 0.35 0.28 0.25 0.25 0.25 0.25 0.25 0.28 0.35 0.45 0.56 0.63 0.63 0.64 0.67 0.56 0.45 0.35 0.28 0.25 0.25 0.25 0.25 0.25 0.28 0.35 0.45 0.40 0.38 0.38 0.38 0.38 0.38 0.40 0.45 
0.25 0.13 0.00 0.00 0.00 0.00 0.00 0.13 0.25 0.38 0.50 0.63 0.73 0.63 0.53 0.45 0.40 0.38 0.38 0.38 0.38 0.38 0.40 0.45 0.50 0.50 0.50 0.50 0.52 0.56 0.52 0.40 0.28 0.18 0.13 0.13 0.13 0.13 0.13 0.18 0.28 0.35 0.28 0.25 0.25 0.25 0.25 0.25 0.28 0.35 
0.25 0.13 0.00 0.00 0.00 0.00 0.00 0.13 0.25 0.38 0.50 0.56 0.63 0.71 0.63 0.56 0.52 0.50 0.50 0.50 0.50 0.45 0.40 0.38 0.38 0.38 0.38 0.38 0.40 0.45 0.50 0.38 0.25 0.13 0.00 0.00 0.00 0.00 0.00 0.13 0.25 0.28 0.18 0.13 0.13 0.13 0.13 0.13 0.18 0.28 
0.13 0.13 0.00 0.00 0.00 0.00 0.00 0.13 0.25 0.38 0.40 0.45 0.53 0.63 0.73 0.67 0.64 0.63 0.63 0.56 0.45 0.35 0.28 0.25 0.25 0.25 0.25 0.25 0.28 0.35 0.45 0.38 0.25 0.13 0.00 0.00 0.00 0.00 0.00 0.13 0.25 0.25 0.13 0.00 0.00 0.00 0.00 0.00 0.13 0.25 
0.00 0.00 0.00 0.00 0.00 0.00 0.00 0.13 0.25 0.25 0.28 0.35 0.45 0.56 0.67 0.79 0.76 0.75 0.64 0.52 0.40 0.28 0.18 0.13 0.13 0.13 0.13 0.13 0.18 0.28 0.40 0.38 0.25 0.13 0.00 0.00 0.00 0.00 0.00 0.13 0.25 0.25 0.13 0.00 0.00 0.00 0.00 0.00 0.13 0.25 
0.00 0.00 0.00 0.00 0.00 0.13 0.13 0.13 0.13 0.13 0.18 0.28 0.40 0.52 0.64 0.76 0.88 0.75 0.63 0.50 0.38 0.25 0.13 0.00 0.00 0.00 0.00 0.00 0.13 0.25 0.38 0.38 0.25 0.13 0.00 0.00 0.00 0.00 0.00 0.13 0.25 0.25 0.13 0.00 0.00 0.00 0.00 0.00 0.13 0.25 
0.00 0.00 0.00 0.00 0.00 0.00 0.00 0.00 0.00 0.00 0.13 0.25 0.38 0.50 0.63 0.75 0.88 0.75 0.63 0.50 0.38 0.25 0.13 0.00 0.00 0.00 0.00 0.00 0.13 0.25 0.38 0.38 0.25 0.13 0.00 0.00 0.00 0.00 0.00 0.13 0.25 0.25 0.13 0.00 0.00 0.00 0.00 0.00 0.13 0.25 
0.00 0.00 0.00 0.00 0.00 0.00 0.00 0.00 0.00 0.00 0.13 0.25 0.38 0.50 0.63 0.75 0.88 0.75 0.63 0.50 0.38 0.25 0.13 0.00 0.00 0.00 0.00 0.00 0.13 0.25 0.38 0.40 0.28 0.18 0.13 0.13 0.13 0.13 0.13 0.18 0.28 0.25 0.13 0.00 0.00 0.00 0.00 0.00 0.13 0.25 
0.00 0.00 0.00 0.00 0.00 0.00 0.00 0.00 0.00 0.00 0.13 0.25 0.38 0.50 0.63 0.75 0.88 0.75 0.63 0.50 0.38 0.25 0.13 0.00 0.00 0.00 0.00 0.00 0.13 0.25 0.38 0.45 0.35 0.28 0.25 0.25 0.25 0.25 0.25 0.28 0.25 0.25 0.18 0.13 0.13 0.13 0.13 0.13 0.18 0.28 
0.13 0.13 0.13 0.13 0.13 0.00 0.00 0.00 0.00 0.00 0.13 0.25 0.38 0.50 0.63 0.75 0.88 0.75 0.63 0.50 0.38 0.25 0.13 0.00 0.00 0.00 0.00 0.00 0.13 0.25 0.38 0.50 0.45 0.40 0.38 0.38 0.38 0.38 0.28 0.18 0.13 0.13 0.13 0.13 0.13 0.18 0.25 0.25 0.28 0.35 
0.25 0.25 0.25 0.25 0.13 0.00 0.00 0.00 0.00 0.00 0.13 0.25 0.38 0.50 0.63 0.75 0.88 0.76 0.64 0.52 0.40 0.28 0.18 0.13 0.13 0.13 0.13 0.13 0.18 0.28 0.40 0.52 0.56 0.52 0.50 0.50 0.50 0.38 0.25 0.13 0.00 0.00 0.00 0.00 0.00 0.13 0.25 0.38 0.40 0.45 
0.38 0.38 0.38 0.28 0.18 0.13 0.13 0.13 0.13 0.13 0.18 0.28 0.40 0.52 0.64 0.76 0.88 0.79 0.67 0.56 0.45 0.35 0.28 0.25 0.25 0.25 0.25 0.25 0.28 0.35 0.45 0.56 0.67 0.64 0.63 0.63 0.50 0.38 0.25 0.13 0.00 0.00 0.00 0.00 0.00 0.13 0.25 0.38 0.50 0.56 
0.50 0.50 0.45 0.35 0.28 0.25 0.25 0.25 0.25 0.25 0.28 0.35 0.45 0.56 0.67 0.79 0.91 0.84 0.73 0.63 0.53 0.45 0.40 0.38 0.38 0.38 0.38 0.38 0.40 0.45 0.53 0.63 0.73 0.76 0.75 0.63 0.50 0.38 0.25 0.13 0.00 0.00 0.00 0.00 0.00 0.13 0.25 0.38 0.50 0.63 
0.63 0.63 0.53 0.45 0.40 0.38 0.38 0.38 0.38 0.38 0.40 0.45 0.53 0.63 0.73 0.84 0.95 0.90 0.80 0.71 0.63 0.56 0.52 0.50 0.50 0.50 0.50 0.50 0.52 0.56 0.63 0.71 0.80 0.88 0.75 0.63 0.50 0.38 0.25 0.13 0.00 0.00 0.00 0.00 0.00 0.13 0.25 0.38 0.50 0.63 
0.75 0.71 0.63 0.56 0.52 0.50 0.50 0.50 0.50 0.50 0.52 0.56 0.63 0.71 0.80 0.90 1.00 0.98 0.88 0.80 0.73 0.67 0.64 0.63 0.63 0.63 0.63 0.63 0.64 0.67 0.73 0.80 0.88 0.88 0.75 0.63 0.50 0.38 0.25 0.13 0.00 0.00 0.00 0.00 0.00 0.13 0.25 0.38 0.50 0.63 
0.88 0.80 0.73 0.67 0.64 0.63 0.63 0.63 0.63 0.63 0.64 0.67 0.73 0.80 0.88 0.98 1.00 1.00 0.98 0.90 0.84 0.79 0.76 0.75 0.75 0.75 0.75 0.75 0.76 0.79 0.84 0.90 0.98 0.88 0.76 0.64 0.52 0.40 0.28 0.18 0.13 0.13 0.13 0.13 0.13 0.18 0.28 0.40 0.52 0.64 
0.98 0.90 0.84 0.79 0.76 0.75 0.75 0.75 0.75 0.75 0.76 0.79 0.84 0.90 0.98 1.00 1.00 1.00 1.00 1.00 0.95 0.91 0.88 0.88 0.88 0.88 0.88 0.88 0.88 0.91 0.95 1.00 1.00 0.91 0.79 0.67 0.56 0.45 0.35 0.28 0.25 0.25 0.25 0.25 0.25 0.28 0.35 0.45 0.56 0.67 
